,60657,60614,60640,60647,60618,60613,60629,60625,60619,60610,60620,60634,60616,60615,60641,60660,60638,60639,60630,60632,60645,60653,60654,60612,60607,60659,60652,60631,60656,60655,60646,60642
2012-06-01,800960.5122732123,1030309.4983991461,588046.9583778015,294770.5442902881,321451.4407684098,795517.6093916756,113980.78975453574,344930.62966915686,114621.13127001066,839167.5560298825,108324.43970117395,182710.77908217715,283457.84418356454,389861.2593383138,187513.34044823906,416542.1558164354,159445.03735325506,147171.8249733191,221451.4407684098,117822.83884738527,279935.96584845247,245997.86552828175,1086766.2753468517,214300.9605122732,428068.303094984,279615.79509071505,135325.5069370331,276307.36392742797,229348.98612593382,195731.05656350052,321878.3351120597,410779.0821771611
2012-07-01,811526.1472785486,1041515.4749199572,581963.7139807898,296371.39807897544,326360.72572038416,800106.7235859125,114194.23692636073,345037.35325506935,116862.32657417288,838420.4909284952,108004.26894343649,183671.29135538952,284418.3564567769,392529.3489861259,188794.02347918888,413127.00106723583,159551.76093916755,147812.16648879403,223052.2945570971,117609.3916755603,279722.51867662754,245677.69477054427,1091568.8367129136,218890.07470651012,430736.39274279616,277161.15261472785,135005.3361792956,275560.2988260405,230522.94557097118,196478.12166488793,323906.083244397,419637.1398078975
2012-08-01,823692.636072572,1050693.7033084312,583244.3970117396,300320.1707577374,331483.45784418355,807043.756670224,115368.19637139807,345144.07684098184,119423.69263607256,839487.72678762,106616.86232657416,183671.29135538952,289541.0885805763,395304.1622198506,189114.19423692636,413874.0661686232,159445.03735325506,148559.2315901814,224012.80683030948,117716.11526147278,281003.20170757733,247598.71931696904,1095090.7150480256,224012.80683030948,435112.0597652081,275880.469583778,134685.16542155817,275453.57524012803,231590.18143009604,197545.3575240128,328175.02668089647,427748.1323372465
2012-09-01,833084.3116328708,1060939.1675560297,589434.3649946637,304802.56136606185,337033.08431163285,813660.6189967983,117075.77374599785,346958.3778014941,121664.88794023478,847812.166488794,106296.6915688367,183137.6734258271,294983.9914621131,397331.9103521878,189220.91782283885,418783.3511205976,159338.31376734257,149306.29669156883,224973.31910352188,117929.56243329775,283351.12059765204,250266.8089647812,1099359.658484525,229562.4332977588,439701.17395944503,276093.916755603,135432.23052294555,277161.15261472785,232977.58804695835,198505.86979722517,332017.07577374595,433831.37673425826
2012-10-01,840875.1334044824,1068729.9893276414,592742.7961579509,308110.992529349,341302.0277481323,819423.6926360725,118356.4567769477,348452.5080042689,122198.50586979721,857524.0128068302,106510.13874066169,183244.39701173958,299786.552828175,398292.4226254002,189327.6414087513,428281.75026680896,159338.31376734257,150373.5325506937,226680.89647812166,118890.07470651013,286019.21024546423,251547.49199573105,1097118.4631803627,236072.57203842048,443436.499466382,277481.3233724653,136926.36072572038,279935.96584845247,234258.2710779082,198612.59338313766,334258.2710779082,439487.72678762005
2012-11-01,847491.9957310566,1070544.2902881536,589327.6414087513,311205.9765208111,343223.0522945571,822838.8473852722,119316.96905016009,349626.4674493063,122091.78228388474,861472.7854855923,107897.54535752401,183884.7385272145,304909.28495197435,398719.31696905015,189647.8121664888,437246.53148345783,158804.69583778013,151760.93916755603,228495.1974386339,120064.03415154749,288900.74706510134,253255.06937033084,1092315.9018143008,238847.38527214513,445570.97118463175,279402.34791889007,138313.7673425827,282390.6083244397,235325.50693703306,197758.80469583778,335218.7833511206,444397.0117395944
2012-12-01,852614.7278548558,1070117.3959445036,584525.0800426895,315154.74919957307,344397.01173959445,824759.8719316969,120064.03415154749,351974.386339381,122091.78228388474,862219.8505869796,109818.56990394877,184738.52721451438,308751.3340448239,398612.59338313766,189861.25933831374,441088.5805763073,158377.8014941302,151227.3212379936,230096.05122732124,120277.48132337246,290821.77161152614,255602.98826040555,1088900.7470651013,236392.74279615792,446104.5891141942,280256.13660618995,139167.5560298826,284311.6328708645,236179.29562433297,196584.84525080043,336926.36072572035,448986.1259338313
2013-01-01,844526.3157894737,1059263.1578947369,576210.5263157896,315473.68421052635,341578.94736842107,816000.0,118947.36842105264,349578.94736842107,119368.42105263159,855789.4736842106,110631.57894736843,182947.36842105264,308736.84210526315,392736.8421052632,187684.2105263158,433894.7368421053,156526.31578947368,147578.94736842107,228736.84210526317,118210.52631578948,288421.05263157893,254210.5263157895,1074210.5263157894,232315.7894736842,440842.1052631579,276631.5789473684,137789.47368421053,282210.5263157895,234631.57894736843,192842.1052631579,334421.052631579,446421.052631579
2013-02-01,848526.3157894737,1067052.6315789474,578842.1052631579,320631.5789473684,344631.5789473684,820842.105263158,119263.15789473685,351894.7368421053,117157.8947368421,864736.8421052631,112210.52631578948,184105.26315789475,313052.63157894736,392736.8421052632,188000.0,433684.2105263158,157684.2105263158,146105.26315789475,230842.1052631579,118105.26315789475,290000.0,255368.4210526316,1081263.1578947369,233894.73684210528,442631.5789473684,277789.47368421056,138315.7894736842,284421.05263157893,237263.15789473685,193052.6315789474,336631.5789473684,448526.3157894737
2013-03-01,853578.9473684211,1078736.8421052631,586000.0,327157.89473684214,348842.1052631579,824210.5263157896,119684.2105263158,356210.5263157895,116421.05263157895,875894.7368421053,113473.68421052632,187368.4210526316,317368.4210526316,394736.8421052632,190210.5263157895,437578.94736842107,160315.7894736842,146526.31578947368,234000.0,118526.3157894737,291263.15789473685,256210.5263157895,1094000.0,235684.2105263158,445789.47368421056,280842.1052631579,138947.36842105264,287578.94736842107,241263.15789473685,194421.05263157896,339368.4210526316,451894.7368421053
2013-04-01,860421.052631579,1092947.3684210526,596631.5789473684,333894.7368421053,354000.0,828736.8421052631,120526.3157894737,362421.052631579,114947.36842105264,885789.4736842106,113157.8947368421,191473.68421052632,322105.2631578948,400210.5263157895,194315.7894736842,440736.8421052632,163263.15789473685,147684.2105263158,237473.68421052632,118526.3157894737,293157.89473684214,258315.7894736842,1099157.8947368423,237473.68421052632,451578.94736842107,284315.7894736842,140000.0,291894.7368421053,245684.2105263158,196421.05263157896,342526.3157894737,457473.68421052635
2013-05-01,870315.7894736843,1109368.4210526317,604210.5263157896,339052.63157894736,359473.68421052635,837578.9473684211,122105.26315789475,367263.15789473685,112631.57894736843,899578.9473684211,112315.78947368421,194842.1052631579,326842.1052631579,404631.5789473684,199789.47368421053,442842.1052631579,165578.94736842107,149684.2105263158,240947.36842105264,118947.36842105264,297684.2105263158,260421.05263157896,1112000.0,241263.15789473685,455473.68421052635,288526.3157894737,141789.47368421053,296842.1052631579,250947.36842105264,198736.84210526317,346421.052631579,464315.7894736842
2013-06-01,882000.0,1126947.3684210526,611789.4736842106,344526.3157894737,365789.47368421056,846210.5263157896,124210.52631578948,371789.47368421056,110210.52631578948,920736.8421052631,111263.15789473685,197789.47368421053,332105.2631578948,406526.3157894737,205578.94736842107,450105.2631578948,167578.94736842107,152315.7894736842,244210.5263157895,120736.84210526316,305263.15789473685,262526.3157894737,1133684.2105263157,246000.0,455578.94736842107,295052.63157894736,144421.05263157896,302631.5789473684,256947.36842105264,201052.6315789474,351894.7368421053,470526.3157894737
2013-07-01,892736.8421052631,1147263.1578947369,619473.6842105263,350315.7894736842,371578.94736842107,854526.3157894737,125789.47368421053,377789.47368421056,109368.42105263159,947052.6315789474,111052.63157894737,201263.15789473685,337368.4210526316,412105.2631578948,211263.15789473685,456842.1052631579,169684.2105263158,155052.6315789474,247473.68421052632,122631.57894736843,313157.89473684214,264526.3157894737,1151578.9473684211,249684.21052631582,456105.2631578948,302947.36842105264,147263.15789473685,310526.3157894737,264105.2631578948,202000.0,358421.052631579,477368.4210526316
2013-08-01,898736.8421052631,1166421.052631579,622526.3157894737,351684.2105263158,374947.36842105264,861578.9473684211,125894.73684210527,383473.68421052635,107368.42105263159,967789.4736842106,110526.3157894737,205157.8947368421,340210.5263157895,421052.63157894736,216947.36842105264,455473.68421052635,171263.15789473685,157368.42105263157,249473.68421052632,123789.47368421053,318000.0,265894.7368421053,1162947.3684210526,250421.05263157896,457052.6315789474,308842.1052631579,149263.15789473685,317368.4210526316,270526.3157894737,202736.84210526317,362631.5789473684,482842.1052631579
2013-09-01,901789.4736842106,1182842.105263158,622842.105263158,349578.94736842107,376631.5789473684,862736.8421052631,125789.47368421053,387578.94736842107,105157.8947368421,978947.3684210527,108631.57894736843,209894.73684210528,341263.15789473685,429473.68421052635,222000.0,448842.1052631579,172526.31578947368,160105.26315789475,250526.3157894737,124210.52631578948,322526.3157894737,265368.4210526316,1171894.7368421054,248736.84210526317,456631.5789473684,313368.4210526316,149894.73684210528,320736.84210526315,274842.1052631579,203789.47368421053,365052.63157894736,486210.5263157895
2013-10-01,901684.2105263158,1194842.105263158,622947.3684210527,347789.47368421056,378842.1052631579,860000.0,125789.47368421053,391368.4210526316,103263.15789473684,980947.3684210527,104842.1052631579,214315.7894736842,342842.1052631579,435684.2105263158,224947.36842105264,441894.7368421053,173368.42105263157,162842.1052631579,250736.84210526317,124105.26315789475,327894.7368421053,263684.2105263158,1186105.2631578948,244210.5263157895,455789.47368421056,315789.47368421056,148947.36842105264,321473.68421052635,277052.63157894736,204842.1052631579,365894.7368421053,486631.5789473684
2013-11-01,899368.4210526316,1201052.6315789474,620526.3157894737,346315.7894736842,382000.0,859052.6315789474,125263.15789473685,393684.2105263158,103157.8947368421,982842.105263158,100736.84210526316,216842.1052631579,343894.7368421053,438736.8421052632,225578.94736842107,434736.8421052632,174315.7894736842,163894.73684210528,250210.5263157895,123684.2105263158,330842.1052631579,260947.36842105264,1207894.7368421054,239789.47368421053,457052.6315789474,315263.15789473685,146631.57894736843,321157.89473684214,277894.7368421053,205894.73684210528,366105.2631578948,486526.3157894737
2013-12-01,897894.7368421053,1204105.2631578948,618105.2631578947,343894.7368421053,385263.15789473685,857789.4736842106,124421.05263157895,395052.63157894736,104000.0,984631.5789473684,99368.42105263159,218315.7894736842,343684.2105263158,437263.15789473685,226105.26315789475,432526.3157894737,174736.84210526317,164526.31578947368,250631.57894736843,123578.94736842105,329473.68421052635,259894.73684210528,1223684.210526316,237684.2105263158,460842.1052631579,314631.5789473684,144842.1052631579,320315.7894736842,278631.5789473684,207263.15789473685,366736.8421052632,486736.8421052632
2014-01-01,886335.4037267081,1186128.364389234,607971.0144927537,336231.884057971,381366.4596273292,842857.1428571428,121739.13043478261,389544.51345755695,104140.7867494824,968322.9813664596,98343.68530020704,216356.10766045548,337060.0414078675,428260.8695652174,224120.082815735,428674.94824016566,172256.72877846792,163354.03726708074,247929.6066252588,121532.0910973085,322877.84679089027,253830.22774327124,1205693.5817805384,232608.69565217392,458799.1718426501,310559.0062111801,141511.38716356107,315527.950310559,275051.75983436854,205279.50310559006,362525.8799171843,480641.8219461698
2014-02-01,889958.5921325051,1187888.198757764,609213.2505175984,335714.28571428574,381469.9792960663,843271.2215320911,121842.65010351967,390579.71014492755,106625.25879917185,967184.265010352,98240.16563146998,217908.9026915114,336335.4037267081,427122.15320910973,225983.4368530021,433126.2939958592,172463.76811594205,165320.9109730849,249792.96066252587,122153.20910973086,324223.60248447204,249068.32298136648,1207246.3768115942,231262.93995859215,463146.99792960664,312008.28157349897,141097.30848861285,317598.3436853002,276190.4761904762,206211.1801242236,364389.23395445134,481159.4202898551
2014-03-01,894306.4182194617,1190372.6708074533,610455.486542443,337060.0414078675,380124.2236024845,844824.0165631471,122670.80745341616,391614.90683229815,110144.92753623189,965424.4306418219,98550.72463768117,219254.65838509318,335610.76604554866,426811.59420289856,227018.63354037268,435610.76604554866,172153.20910973084,166770.18633540373,251035.1966873706,122877.84679089027,327225.6728778468,244927.53623188406,1213561.076604555,230745.34161490685,467494.8240165632,314078.67494824016,141097.30848861285,319565.2173913044,276604.55486542446,206107.66045548656,365838.5093167702,480020.7039337474
2014-04-01,903623.1884057971,1195859.2132505176,614182.1946169772,339544.51345755695,380848.8612836439,853209.1097308489,123706.00414078675,393581.78053830226,112836.43892339544,960351.9668737061,99482.4016563147,221014.4927536232,335403.72670807457,426501.0351966874,228674.94824016563,439648.03312629403,172049.6894409938,168530.02070393375,252898.5507246377,123809.52380952382,330124.2236024845,243685.30020703934,1224637.6811594204,229606.62525879918,473706.00414078677,317494.8240165631,141925.46583850932,321118.01242236025,277329.1925465839,206107.66045548656,367805.38302277436,482919.2546583851
2014-05-01,914389.2339544514,1200931.6770186336,624120.082815735,342753.6231884058,383747.41200828156,861904.7619047619,124741.20082815735,396790.89026915113,113768.11594202899,953519.66873706,99896.48033126294,223498.96480331264,336749.48240165634,428571.4285714286,231262.93995859215,448240.16563147,172877.84679089027,170496.8944099379,255590.06211180126,124948.24016563148,333333.3333333334,245134.5755693582,1229503.1055900622,227846.79089026916,481469.9792960663,321221.5320910973,142753.6231884058,323084.8861283644,278157.34989648033,206728.7784679089,370807.4534161491,489544.51345755695
2014-06-01,920807.4534161491,1204244.3064182196,635921.3250517598,346273.29192546586,386335.4037267081,864389.2339544514,125672.8778467909,399689.4409937888,115320.91097308489,947619.0476190477,100828.15734989649,225983.4368530021,338405.7971014493,431780.53830227745,233643.89233954452,458281.57349896483,173706.00414078677,171428.57142857142,258488.61283643893,126293.99585921326,336231.884057971,248240.16563146998,1231573.4989648033,227122.15320910973,488923.3954451346,324741.20082815737,143271.2215320911,324844.72049689444,279296.066252588,207660.45548654246,374120.082815735,493581.78053830226
2014-07-01,924223.6024844721,1208799.17184265,646376.8115942029,349482.40165631473,387888.198757764,865217.3913043479,126708.0745341615,400931.6770186336,118737.06004140787,945238.0952380953,102173.91304347827,228053.83022774328,338612.83643892343,432815.73498964804,235714.2857142857,469358.1780538302,174430.64182194616,172256.72877846792,261594.20289855072,127639.75155279503,337784.67908902693,251759.83436853002,1234886.1283643893,228881.98757763975,494720.49689440994,327536.231884058,144409.93788819876,325362.3188405797,280641.8219461698,208902.69151138718,376190.4761904762,493892.3395445135
2014-08-01,925051.7598343686,1215217.391304348,657039.3374741201,351138.7163561077,388716.35610766045,868115.9420289856,128364.38923395445,400207.03933747415,122049.6894409938,947826.0869565217,101449.27536231885,230020.70393374743,337784.67908902693,430434.7826086957,237991.71842650103,479296.066252588,175258.79917184266,173706.00414078677,264699.7929606625,129296.06625258799,338509.31677018636,253416.149068323,1242546.5838509316,230331.2629399586,498550.72463768115,329606.6252587992,145652.1739130435,325258.79917184263,281884.0579710145,209627.3291925466,377122.15320910973,493581.78053830226
2014-09-01,922670.8074534162,1216459.6273291926,667080.7453416149,352484.47204968944,388612.83643892343,870393.3747412008,129710.14492753624,399585.92132505175,122774.32712215322,953416.149068323,100207.03933747413,231159.42028985507,335921.32505175984,428157.34989648033,239440.99378881988,486645.96273291926,175879.917184265,174637.6811594203,266977.22567287786,130641.82194616977,337163.5610766046,255900.62111801244,1256728.778467909,230848.8612836439,501863.3540372671,329917.18426501035,146376.8115942029,325465.8385093168,282505.1759834369,209937.88819875778,377536.231884058,493374.74120082817
2014-10-01,921221.5320910973,1214803.3126293996,674637.6811594203,355383.02277432714,387370.6004140787,873291.9254658385,130434.78260869566,398964.8033126294,122153.20910973086,957349.8964803313,99171.84265010353,231573.49896480332,333126.2939958592,430227.7432712215,239544.51345755695,489751.55279503105,176086.95652173914,174637.6811594203,268840.57971014496,131780.53830227745,333747.41200828156,260351.966873706,1278364.3892339545,233333.33333333334,506211.18012422364,329089.0269151139,146894.4099378882,326190.4761904762,283333.3333333333,211076.60455486542,377639.75155279506,491925.4658385093
2014-11-01,922877.8467908903,1216873.706004141,680745.3416149069,358385.09316770185,386024.8447204969,876708.0745341615,131780.53830227745,397412.00828157354,122049.6894409938,957246.3768115942,98654.24430641822,232194.61697722567,331677.01863354037,433850.93167701864,238923.39544513458,489337.47412008286,176293.99585921326,175155.2795031056,270600.414078675,133022.77432712217,331262.9399585921,265631.4699792961,1297515.5279503106,240579.71014492755,509109.7308488613,328467.9089026915,147826.08695652176,327743.2712215321,285093.16770186333,212836.43892339544,378053.8302277433,488819.87577639753
2014-12-01,924430.6418219463,1219979.2960662525,685300.2070393375,360455.4865424431,385507.2463768116,877639.7515527951,133850.93167701864,395031.0559006211,123913.04347826088,955797.1014492754,99585.92132505176,233126.29399585922,331159.4202898551,436438.92339544516,239026.91511387166,487060.0414078675,176604.55486542443,176190.47619047618,271014.49275362317,134575.56935817807,331366.4596273292,268322.98136645963,1306625.2587991718,251449.27536231885,509420.2898550725,328260.8695652174,149068.32298136645,328571.4285714286,286128.364389234,212939.95859213252,377950.31055900623,485610.76604554866
2015-01-01,923474.663908997,1216546.018614271,684798.3453981386,362357.80765253364,385832.47156153055,875491.2099276112,135367.11478800414,393278.17993795243,125749.74146845915,951706.3081695967,100827.30093071355,232988.6246122027,328645.29472595657,437849.0175801448,239296.7942088935,486142.7094105481,176318.51085832473,177145.81178903827,270010.3412616339,135780.7652533609,330299.89658738364,268665.97724922444,1301137.5387797311,261944.15718717684,508066.1840744571,327300.93071354704,149948.29369183042,327611.16856256465,284901.7580144778,211685.62564632884,376008.27300930716,483453.9813857291
2015-02-01,925542.9162357808,1214684.5915201656,686349.5346432265,363908.99689762155,386659.7724922441,876421.923474664,136297.82833505687,392347.4663908997,126370.21716649432,952016.5460186143,101758.0144777663,233505.68769389865,326059.97931747674,439917.26990692865,240434.3329886246,487383.6608066184,176628.7487073423,178903.82626680456,270010.3412616339,136814.89141675286,329265.7704239917,270941.05480868666,1296173.73319545,269906.92864529474,507032.0579110652,326887.2802481903,151292.65770423991,326783.8676318511,283764.21923474665,211582.21302998965,374146.84591520164,483143.7435367115
2015-03-01,931954.4984488108,1218717.683557394,691520.1654601862,365770.423991727,387797.31127197517,886556.3598759049,137125.12926577043,392761.1168562565,125439.50361944157,957394.0020682523,104033.09203722855,235056.87693898656,325439.5036194416,442812.8231644261,242399.17269906928,488934.8500517063,178179.9379524302,181385.7290589452,271251.29265770427,137849.01758014478,329265.7704239917,276421.9234746639,1301861.4270941056,276421.9234746639,507032.0579110652,327817.99379524303,152843.84694932782,327714.5811789038,283867.63185108587,212616.3391933816,373940.02068252326,488004.1365046536
2015-04-01,940434.3329886247,1226163.391933816,696794.208893485,371251.29265770427,389658.7383660807,899379.5243019649,138159.25542916235,394932.78179937956,125025.8531540848,965667.0113753878,107032.05791106516,237125.12926577043,325853.15408479836,446122.0268872803,245087.90072388834,490899.689762151,180765.25336091005,184281.2823164426,272699.06928645296,139193.3815925543,329162.35780765256,283660.8066184074,1313340.227507756,284281.28231644264,506411.58221303,329265.7704239917,154188.21096173735,329576.0082730093,283971.04446742503,213753.8779731127,375077.5594622544,494829.36918304034
2015-05-01,946225.4395036194,1233609.1003102378,700206.8252326784,377973.11271975184,391830.40330920374,906411.58221303,139193.3815925543,398138.57290589454,125439.50361944157,969803.5160289556,109100.31023784901,239089.9689762151,326887.2802481903,447880.0413650466,247776.62874870736,494105.48086866597,183453.98138572907,187487.07342295762,274146.84591520164,141261.63391933817,328852.11995863495,289038.2626680455,1323474.6639089969,292037.2285418821,505584.2812823165,330299.89658738364,155015.5118924509,331023.784901758,284074.45708376425,215201.65460186143,376732.1613236815,500206.8252326784
2015-06-01,947983.4539813858,1239710.4446742502,706204.7569803516,380972.07859358843,393898.6556359876,910961.7373319545,140227.50775594622,401344.3640124095,125749.74146845915,971044.4674250259,110237.84901758014,240951.3960703206,328231.6442605998,448190.2792140641,250155.1189245088,497724.9224405378,185935.8841778697,189968.97621509826,275904.86039296794,143226.47362978285,329886.2461220269,293071.35470527405,1337125.1292657705,297724.9224405378,506928.64529472595,330920.37228541885,155842.81282316442,331851.08583247155,283867.63185108587,217683.55739400207,377766.28748707345,501447.77662874875
2015-07-01,949017.5801447777,1241365.0465356773,711685.6256463289,382109.6173733196,395139.60703205795,919131.3340227508,140951.3960703206,403412.61633919337,123991.72699069287,972595.6566701138,111582.21302998967,241778.69700103413,329576.0082730093,443640.1240951396,251292.65770423991,499172.69906928646,187693.898655636,190692.8645294726,277042.3991726991,144674.25025853154,331747.6732161324,295449.8448810755,1338366.0806618407,300827.30093071354,510548.08686659776,331644.26059979317,156670.113753878,333092.0372285419,282523.26783867634,220268.8728024819,377249.22440537746,501758.0144777663
2015-08-01,951189.2450879008,1239813.8572905895,716132.3681489142,385315.40847983456,395553.2574974147,928955.5325749741,140847.9834539814,404446.74250258534,121613.23681489142,974250.2585315409,114270.94105480869,242295.7600827301,329782.8335056877,438986.55635987595,251602.8955532575,499689.76215098245,188314.37435367116,190486.03929679422,277145.8117890383,145604.9638055843,332885.21199586353,296587.38366080663,1323991.726990693,304963.8055842813,512719.7518097208,331644.26059979317,157394.00206825233,334332.9886246122,280661.8407445708,221820.0620475698,375180.9720785936,501447.77662874875
2015-09-01,957394.0020682523,1241158.221302999,722233.7125129265,390796.2771458118,397001.0341261634,937642.1923474664,141054.8086866598,405274.0434332989,120682.52326783868,974663.9089968976,118821.0961737332,243433.29886246123,331023.784901758,438366.08066184074,252947.25956566702,502275.0775594623,188934.8500517063,190486.03929679422,277973.11271975184,147466.39089968978,332988.6246122027,295966.9079627715,1314064.1158221303,310961.73733195453,516339.1933815926,331644.26059979317,159255.42916235782,335470.52740434336,280661.8407445708,222337.12512926577,373940.02068252326,507342.2957600827
2015-10-01,969079.6277145812,1248603.929679421,732368.1489141675,397518.0972078594,400827.30093071354,945708.3764219235,142709.41054808686,407032.0579110652,120682.52326783868,976215.0982419855,123681.4891416753,245501.5511892451,333609.10031023785,437125.12926577043,256359.8759048604,506928.64529472595,190175.80144777664,190692.8645294726,280041.3650465357,150258.531540848,333092.0372285419,296897.6215098242,1320062.0475698037,316442.60599793174,520268.8728024819,332471.5615305067,162357.8076525336,336918.30403309205,282626.6804550155,221716.64943123062,374353.67114788,518821.09617373324
2015-11-01,980558.4281282317,1260186.1427094105,741778.6970010342,403412.61633919337,405274.0434332989,954084.7983453982,144777.66287487073,408583.2471561531,119338.15925542917,980765.2533609101,127300.93071354706,247673.21613236816,336608.06618407444,435884.1778697001,260186.14270941055,514064.1158221303,191830.40330920374,190899.68976215099,281902.7921406412,153050.6721820062,334643.22647362977,298241.9855222337,1325232.6783867632,316959.6690796277,523267.8386763185,334643.22647362977,165253.36091003104,338055.8428128232,285211.99586349534,220992.76111685627,374560.4963805584,530403.3092037229
2015-12-01,983453.981385729,1268459.152016546,751189.2450879008,407342.2957600827,409203.72285418824,961116.8562564633,145604.9638055843,408686.65977249225,116856.25646328852,983143.7435367116,128955.53257497415,248810.75491209928,338779.7311271975,436918.30403309205,262254.3950361944,522026.8872802482,192761.11685625647,191933.81592554293,283040.3309203723,154188.21096173735,337849.0175801448,298552.2233712513,1331540.8479834541,315305.06721820065,526163.3919338159,337745.6049638056,166804.55015511892,337745.6049638056,286866.59772492247,221820.0620475698,373319.5449844881,537021.7166494313
2016-01-01,972931.5628192032,1257099.0806945863,750459.6527068437,407048.00817160367,409090.9090909091,955056.1797752809,144330.94994892747,404800.81716036773,113381.00102145046,972318.6925434116,126455.56690500511,245863.12563840655,336976.506639428,433401.43003064353,260061.28702757918,522063.3299284985,191113.38100102145,190398.36567926456,280592.4412665986,152808.98876404495,337487.2318692543,294177.73237997957,1332788.559754852,311746.6802860061,523493.36057201226,337180.7967313585,165577.11950970377,333299.28498467826,284678.2431052094,220837.58937691522,367313.5852911134,536465.7814096017
2016-02-01,979162.4106230848,1261899.897854954,755260.4698672114,414811.0316649643,416751.7875383044,961389.1726251277,145250.2553626149,408375.89376915223,113074.56588355465,975280.8988764045,125229.82635342186,246067.4157303371,339427.9877425945,437078.65168539324,260674.1573033708,526455.5669050051,192032.68641470888,190909.0909090909,281205.3115423902,153524.00408580183,340755.873340143,296731.35852911137,1342900.9193054137,314504.59652706847,525944.8416751787,340653.72829417774,165781.4096016343,334422.88049029623,285903.98365679267,222574.05515832483,367926.45556690503,542390.1940755873
2016-03-01,986925.4341164454,1267926.455566905,752706.8437180797,423901.94075587334,425025.5362614913,966700.7150153217,146373.8508682329,412257.4055158325,113176.71092951992,981001.0214504597,123391.21552604699,246680.2860061287,340858.0183861083,442696.62921348313,261389.17262512769,532277.8345250256,192951.99182839633,192032.68641470888,282328.9070480082,154749.7446373851,343615.9346271706,300102.14504596527,1339223.697650664,318181.8181818182,527272.7272727273,343003.06435137894,165985.69969356488,336772.21654749743,286721.1440245148,224616.95607763025,370173.64657814096,547191.011235955
2016-04-01,991215.5260469867,1272420.8375893768,748518.8968335036,430949.948927477,430541.3687436159,969254.3411644535,147599.59141981613,414198.16138917266,113789.58120531155,987334.0143003064,122165.47497446374,247599.59141981613,341777.3237997957,445965.2706843718,262104.18794688457,537691.5219611849,193360.5720122574,193871.29724208376,283861.0827374872,156077.6302349336,346680.2860061287,300204.29009193054,1334933.6057201226,320020.4290091931,528804.9029622064,344637.3850868233,166496.42492339123,337589.37691521965,287946.88457609806,227068.43718079673,371399.3871297242,550255.3626149131
2016-05-01,994790.6026557712,1273748.7231869255,746680.2860061288,435852.91113381,433605.7201225741,972114.4024514811,149233.91215526048,415730.3370786517,114913.17671092952,995812.0531154239,122063.32992849847,248927.47701736467,343820.22471910116,450970.3779366701,262410.6230847804,541062.3084780389,193769.1521961185,195403.47293156284,285495.4034729316,157405.51583248214,349438.20224719105,297854.95403472934,1337385.086823289,319509.7037793667,534014.3003064351,346373.8508682329,167211.44024514811,337385.08682328905,290091.9305413687,228702.75791624107,370582.22676200204,552298.2635342187
2016-06-01,995607.7630234933,1273442.2880490297,746169.5607763024,439632.27783452504,437078.65168539324,974361.593462717,150766.08784473952,417875.38304392237,115934.62717058223,1001123.595505618,122369.76506639428,250255.36261491317,346578.14096016344,459448.41675178753,262512.7681307457,540653.7282941778,194688.45760980592,197139.93871297242,286618.99897854956,158733.40143003064,351174.66802860063,295097.037793667,1335137.8958120532,319816.1389172625,542083.7589376916,347906.02655771194,167824.31052093973,337895.81205311546,292032.6864147089,229417.77323799796,370071.5015321757,555260.4698672114
2016-07-01,993462.7170582227,1272420.8375893768,746475.9959141982,444024.5148110317,442696.62921348313,975076.608784474,152196.11848825333,420122.57405515836,115423.90194075588,997446.3738508682,121859.03983656793,251174.66802860063,348212.46169560775,468335.0357507661,262921.34831460676,538304.3922369765,196016.34320735445,199693.5648621042,287844.7395301328,160572.01225740553,351685.393258427,295709.9080694586,1347191.0112359552,322574.05515832483,548110.3166496425,349131.7671092952,167926.455566905,339325.84269662923,293564.86210418795,229826.35342185904,371195.09703779366,560367.722165475
2016-08-01,995199.1828396323,1272727.2727272727,751276.8130745658,448416.7517875383,449948.9274770174,977732.379979571,153319.7139938713,422369.7650663943,115526.04698672115,994484.1675178754,121859.03983656793,251583.2482124617,349642.4923391216,474259.4484167518,264555.6690500511,537589.3769152196,197344.22880490296,202962.20633299285,289376.91521961184,162921.34831460673,351991.8283963228,300510.72522982635,1368437.1807967315,325842.69662921346,551072.5229826353,351889.6833503575,167722.16547497446,340347.2931562819,295199.18283963227,230030.64351378958,373850.86823289073,568437.1807967314
2016-09-01,1001838.6108273749,1274463.7385086825,755873.340143003,452298.2635342186,457609.8059244127,984576.0980592441,154034.72931562818,426557.7119509704,117160.36772216548,1001634.3207354443,121450.45965270685,251991.8283963228,351378.95812053117,477732.379979571,266802.860061287,539938.7129724208,198672.1144024515,206537.28294177732,291011.2359550562,164555.66905005107,353830.43922369764,306435.13789581205,1383043.9223697651,329111.33810010215,553217.568947906,355975.48518896836,168232.8907048008,341164.4535240041,296527.06843718083,229519.91828396323,377221.65474974463,576404.4943820225
2016-10-01,1009193.0541368744,1279775.2808988765,755975.4851889684,454749.74463738507,464657.81409601634,993054.1368743617,154954.03472931564,432584.2696629214,121348.31460674158,1015321.7568947906,121654.74974463739,252604.6986721144,353830.43922369764,479979.57099080697,269050.051072523,543820.2247191011,200102.14504596527,210112.3595505618,292645.5566905005,165270.68437180796,357099.08069458633,310214.5045965271,1386823.28907048,333503.5750766088,556281.9203268641,360980.5924412666,169458.63125638408,341879.468845761,297344.228804903,229928.4984678243,381409.60163432074,582328.9070480082
2016-11-01,1016036.7722165475,1287946.884576098,757405.5158324821,457303.37078651687,470990.8069458631,1003064.3513789581,155566.90500510726,440449.4382022472,126455.56690500511,1028396.3227783453,122880.49029622064,253932.58426966294,356281.9203268642,482226.7620020429,271092.9519918284,547191.011235955,202042.90091930542,214402.45148110317,294382.0224719101,166087.84473953015,359346.27170582226,312870.2757916241,1390909.0909090908,340347.2931562819,559244.126659857,365985.69969356485,171092.9519918284,342390.1940755873,297854.95403472934,230541.36874361595,385597.54851889686,586210.4187946884
2016-12-01,1020122.5740551583,1295097.037793667,762104.1879468845,457609.8059244127,474463.73850868235,1010929.519918284,155362.61491317672,446782.431052094,129622.0633299285,1040551.5832482125,123186.92543411645,255158.32482124618,357405.51583248214,486414.708886619,273033.7078651686,548008.1716036772,203677.22165474974,218488.253319714,295301.32788559754,167109.29519918284,359652.7068437181,315015.3217568948,1394892.7477017364,347293.1562819203,560367.722165475,368947.9060265577,172114.40245148112,343309.49948927475,298672.1144024515,230132.78855975484,388253.3197139939,588968.3350357508
2017-01-01,997000.0,1272600.0,749500.0,445400.0,464400.0,991200.0,151400.0,440100.0,128100.0,1025300.0,120700.0,250200.0,350300.0,478500.0,268300.0,533300.0,200100.0,216500.0,289300.0,164500.0,351200.0,311400.0,1370100.0,342300.0,548200.0,361600.0,169100.0,336700.0,293800.0,224400.0,381700.0,577200.0
2017-02-01,993700.0,1276600.0,754800.0,445000.0,464200.0,992100.0,151600.0,442300.0,128300.0,1027500.0,121400.0,250300.0,351900.0,478700.0,270100.0,530800.0,200400.0,217300.0,290300.0,165000.0,350700.0,313900.0,1373100.0,341900.0,553700.0,361300.0,169800.0,337100.0,295900.0,223700.0,383200.0,579700.0
2017-03-01,991300.0,1280300.0,765800.0,447900.0,464700.0,994100.0,152900.0,445800.0,127600.0,1028200.0,121600.0,250500.0,353600.0,475700.0,272500.0,526000.0,201300.0,217500.0,291500.0,165000.0,351300.0,314700.0,1378100.0,343000.0,564300.0,361700.0,170600.0,337300.0,298800.0,222800.0,383600.0,583300.0
2017-04-01,989200.0,1282500.0,776600.0,450600.0,464400.0,996300.0,153800.0,449000.0,127100.0,1031500.0,121200.0,250900.0,355000.0,471300.0,274500.0,520200.0,201800.0,218100.0,293100.0,164900.0,352800.0,315200.0,1388300.0,347400.0,572200.0,362400.0,171300.0,338500.0,301600.0,222100.0,384300.0,586900.0
2017-05-01,991300.0,1286000.0,785900.0,453700.0,464300.0,1000600.0,154600.0,450700.0,127900.0,1035700.0,121600.0,252000.0,356700.0,464100.0,276700.0,515700.0,202100.0,219700.0,295300.0,165000.0,354500.0,317500.0,1398600.0,353500.0,574800.0,362800.0,172300.0,340900.0,303300.0,222400.0,386700.0,592700.0
2017-06-01,999100.0,1289000.0,795500.0,457300.0,464100.0,1009000.0,156000.0,451500.0,128100.0,1041700.0,122900.0,253000.0,357200.0,457200.0,279200.0,514500.0,202100.0,221200.0,296800.0,164900.0,355100.0,319200.0,1404600.0,357500.0,576100.0,362200.0,173000.0,342700.0,303400.0,223200.0,388300.0,599400.0
2017-07-01,1005500.0,1289800.0,798000.0,459600.0,462700.0,1015000.0,157600.0,452300.0,128200.0,1044200.0,125000.0,254300.0,355500.0,454000.0,281200.0,514600.0,202200.0,222400.0,297800.0,164100.0,355300.0,320400.0,1412200.0,358700.0,575700.0,360700.0,173600.0,342900.0,302600.0,223600.0,388200.0,599700.0
2017-08-01,1007500.0,1287700.0,787100.0,461400.0,461200.0,1017600.0,158600.0,453600.0,129000.0,1041800.0,127200.0,255600.0,353000.0,455200.0,282300.0,515900.0,202600.0,223100.0,299200.0,163300.0,356200.0,321400.0,1420700.0,359300.0,574600.0,359500.0,174500.0,342900.0,301500.0,223800.0,388200.0,596200.0
2017-09-01,1007800.0,1287400.0,776100.0,464300.0,459900.0,1020900.0,159500.0,456000.0,129100.0,1038100.0,128300.0,256400.0,351100.0,454000.0,283400.0,515100.0,203700.0,222900.0,300300.0,163200.0,357100.0,323600.0,1426200.0,358700.0,573800.0,359200.0,175000.0,343400.0,300600.0,224300.0,388500.0,594100.0
2017-10-01,1009600.0,1291500.0,774900.0,466500.0,459200.0,1027800.0,160600.0,459100.0,128500.0,1039200.0,129100.0,257000.0,350000.0,451900.0,284900.0,513600.0,205600.0,223300.0,300800.0,163800.0,358000.0,326900.0,1431000.0,358500.0,574400.0,360200.0,174900.0,345100.0,300100.0,226000.0,389700.0,595500.0
